,COMB,HNB,SAMP,LOLC,LOFC,NTB,LFIN,DFCC,NDB,SEYB,CFIN,PLC,COCR,PABC,VFIN,CFVF,HNBF,MERC,CALF,UBC,ABL,CDB,SFCL,GUAR,SFIN,JKH,MELS,HAYL,CTHR,CARS,VONE,HHL,BUKI,BIL,RICH,SUN,SPEN,CIC,GREG,TAP,BRWN,EBCR,CTC,DIST,CARG,LION,CCS,BREW,GRAN,LMF,LAMB,TAFL,DIAL,SLTL,ACL,RCL,GLAS,TKYO,HAYC,DIPD,KCAB,TJL,JAT,SIRA,MGT,SINS,UML,DIMO,LIOC,WIND,LLUB,LGL,VLL,CINS,UAL,JINS,AAIC,HASU,AEL,OSEA,PLR,RIL,CFLB,WATA,NAMU,CTEA,ASIR,LHCL,NHL,AHUN,PALM,KHL,AHPL,HUNA,EDEN,DOCK
COMB,0.08461852529896176,0.05740130850371622,0.05495208226381102,0.0524124005267123,0.051370154194036864,0.03989810231092385,0.03747659490341036,0.052856523508490315,0.05505001245239441,0.06267085727489753,0.03850398220274076,0.03619445502667539,0.04931761594537183,0.06261633607203225,0.05021803545374824,0.04122055382376915,0.03359967634442004,0.0010822556561144237,0.0042794941451518576,0.04051723339264521,0.031648855326043744,0.03356582638661427,-0.0009078549811531772,0.03948048643837967,0.03998849788845702,0.029178003628020092,0.03946818791464768,0.037437538848373364,0.0034975066601752904,0.021998231002141905,0.058237063613596755,0.02643042378011275,0.014625247631479467,0.054357342733907056,0.03331957827760133,0.03347455416884632,0.027460181502100476,0.04492472606419976,0.023583323238858672,0.042991804232551646,0.055415692313763205,0.02092635792948242,0.010833166852715884,0.028291884029781438,0.006994408080752024,0.006751239527520618,0.01854373111315614,-0.0012290151451206848,0.03135675688837433,0.027529821278024183,0.004525609914886348,0.028062355434096426,0.01892967783905001,0.020824498348509055,0.045905633265328614,0.04739794961923038,0.028222904191121567,0.04836938523220804,0.021818588539700312,0.03632491216130208,0.041069098665097684,0.027768229081296912,0.021991541951522236,0.04229605124559224,0.0368895455738428,0.036489489874769084,0.012364394491118562,0.02747449415380583,0.02902880977615331,0.00903770963547032,0.024583912405620682,0.03857324377776091,0.018233770666941766,0.0228545398228181,0.026228720848328436,0.03772467771096169,0.041621799178298016,0.02465255733754738,0.035395655266689745,0.02867685549252704,0.026128689980288625,0.038217922849105766,0.026563341716084585,0.03342568878223759,0.018926189531049645,0.0024354248294207693,0.021294938475888616,0.020431714907226492,0.01869084596672972,0.029395770838433047,0.020632972926720537,0.028925475878500004,0.021865825715043585,0.010480576399415813,0.023765414006079545,0.02567718367804989
HNB,0.05740130850371622,0.09147419758777457,0.0526272983410797,0.04353467559200461,0.04664243613843282,0.03911876771050575,0.032581423127113714,0.04539639710091711,0.053529051010219875,0.06492715583071784,0.04022629224910934,0.03532524371660196,0.04578252696499051,0.06189239139560697,0.04860378402432119,0.03667412518042624,0.03633410502558858,0.0013421895114356906,0.0017891817934848069,0.04073662290940671,0.03298953749227501,0.04823896725983664,0.003709453025439524,0.03181911196602735,0.035171839477728346,0.025677351824300337,0.038423514799914654,0.03733203953415996,0.00733077466027792,0.020307915949046258,0.0547596282084001,0.02614657171298053,0.01412776021444726,0.050705717544938377,0.02990032235984412,0.028224553999309728,0.025884369741740947,0.047263824101468135,0.02490687943689632,0.030923283240676867,0.04836626286891806,0.01877556554639981,0.01306059285831443,0.024999755658013944,0.008698148647575003,0.007069176354176344,0.016189467514530008,0.0006820353635626686,0.03275145686698525,0.028451072917823315,0.0020963942354367718,0.02536950162114152,0.01840194370310972,0.021226252187853293,0.04262186407761639,0.048994368316404566,0.028314602607667202,0.05105227488459611,0.021351641258390664,0.03525671519640357,0.03950207642738913,0.02615323134326738,0.0177943080239548,0.038119663660455626,0.03319980886760775,0.03496935092794423,0.011961954130826884,0.019804173250962134,0.031762385279903875,0.007331228257310539,0.02310403841209726,0.050505608582668574,0.02696598477889721,0.03448525240198385,0.018014843274267365,0.03476860922551084,0.031085641962660435,0.02324260738704256,0.03530335914395387,0.02797093336639515,0.020117301019825642,0.033458186908182454,0.027577897948657972,0.028235480788326068,0.015793223418751192,0.00046990760377923926,0.02098297097024184,0.018101536131459015,0.017235796389839613,0.03181464917306571,0.01929730286409512,0.023832796909436602,0.02234265075567632,0.006754069784544173,0.026773981991212576,0.0274944714193403
SAMP,0.05495208226381102,0.0526272983410797,0.09901574190999027,0.054178727181173024,0.05522034968109187,0.04194605895346386,0.038431892661954924,0.055148405400922,0.06164164995092857,0.05884453573165804,0.042307156274772155,0.04104238141317502,0.055083666590299375,0.07920739472266987,0.052722385253019276,0.0483188079532126,0.040576632546670474,-0.00036707838243557655,0.0014080056976584505,0.05225066879050746,0.04354541810065522,0.008471404386594156,-0.004153128325871768,0.037534265837322035,0.03546625805810005,0.026708219891891982,0.04448624777928278,0.04559435452462947,0.005187101865836084,0.01670542516020699,0.06872859372133364,0.02585652528974791,0.012156375844679572,0.0633227288786814,0.0316951779738356,0.03659994880371765,0.025970211244952263,0.030014523685767545,0.023201939946319725,0.046985743632158,0.05890927508979428,0.03520758177314833,0.014343770351303973,0.0298849715742762,0.007393602410315682,0.007459393604772128,0.02002227833777042,0.007539831744724248,0.03513959914511491,0.03639278497639274,-0.0003509003958484709,0.03031707012196972,0.020961063095853626,0.024396301838658117,0.05626796948096166,0.05400347913828188,0.0308624231943987,0.04652482490366963,0.026640846760454424,0.039765389882248585,0.04660472977150174,0.02803694563369984,0.024602863955751446,0.04314621997935626,0.03893479123634869,0.035020404955328974,0.010702428689095387,0.02382120981891355,0.038762934968840874,0.013320350987244453,0.02719902391628425,0.019045155245407126,0.006325716325806237,-0.0009329701577718362,0.026841285593624694,0.040442717354986994,0.04814012461792667,0.027454028402015388,0.038135259643189534,0.03552237839777669,0.028763481599568784,0.038793715020662235,0.04187868378017644,0.03773436770590431,0.027668265082561826,0.004462997221338022,0.02506571469178473,0.018244845525657163,0.025999891177225922,0.03794884686136863,0.02620995229945211,0.03272545672919081,0.022141768484113828,0.017471247980312417,0.03202367629821717,0.02817882055539378
LOLC,0.0524124005267123,0.04353467559200461,0.054178727181173024,0.27490398150056566,0.2071261062857199,0.03419313491162036,0.08717146027985041,0.04410290229018106,0.055735970035073995,0.048424040919618314,0.06472003869553793,0.04521324321891722,0.09461916186986236,0.06714489185211463,0.11188400788487904,0.05325222514250253,0.0555026785578007,0.0002190156125454,0.00619996352263424,0.060692856644677995,0.04867774618836895,0.02332589163116698,0.00901574847981093,0.06293857139991167,0.05020805542232541,0.04286958077426409,0.08642512170315741,0.11828149884608835,0.006908532297623489,0.03701307824751036,0.16085863054612737,0.050601683113019325,0.03644932278328729,0.19338917088162552,0.07583621951567084,0.10044119409490111,0.059325606600331995,0.06961687879457788,0.05829493280423925,0.097484208831426,0.21255849058853377,0.05566484659026765,0.0268583989678539,0.04346365855684964,0.015097273467039336,0.009500462482620224,0.02748858337293406,0.00749152188987875,0.06581501168114952,0.07883419552079692,0.011759014942920023,0.06568160047952223,0.023658782658973275,0.06316702760357656,0.1241457949972977,0.14966339045012686,0.06897288122084824,0.08001683787764619,0.08580079713205979,0.10622014486792561,0.12652303787139604,0.05393062678136809,0.05947959207608718,0.10305238226479495,0.09729191713628439,0.08072403086136518,0.02803808426018319,0.05845352499212866,0.10499487359215486,0.024649523310051477,0.061381046210456015,0.05314819507694658,0.021620201280703445,9.065619335045676e-05,0.06490079247181274,0.05648240247155859,0.11629570019606746,0.057624005984890564,0.07677008569323407,0.07178267876172369,0.0640526913806875,0.07805107859691808,0.0831017616593871,0.1000399042860291,0.0753902833048576,-0.007278955446383083,0.04258911836324155,0.03569350501985882,0.04517470537418829,0.05615764653251465,0.05971678129325368,0.05377821822311178,0.044628233665952116,0.0255318801043215,0.07617279619180889,0.03332275046770923
LOFC,0.051370154194036864,0.04664243613843282,0.05522034968109187,0.2071261062857199,0.5046956936730111,0.03999492278880894,0.07826274067934934,0.042444683080848596,0.06009265435266925,0.055803958037793595,0.06469741699094696,0.057525332508481186,0.0959589841401791,0.08502611912500717,0.10239825995760907,0.07204500748731284,0.06589111030913837,8.199812924063707e-05,0.0034068882351640647,0.07393975842839233,0.06587481522075846,0.01928914468293735,0.016750689013139114,0.056102104362458834,0.05257417855816829,0.03363101001978134,0.09192303748679646,0.10711945911124973,0.00753310887272634,0.036796435972833864,0.1606379107172237,0.0483477709206821,0.03112227070488746,0.2310255806088069,0.08472725796115152,0.11475218295473819,0.049673519489312264,0.08621764997543992,0.06929092418256438,0.14333780745179608,0.20056828510274963,0.06280304137186893,0.02792546997884921,0.05408263351853799,0.01815017875915188,0.009538076790206618,0.03414961837959485,-0.017125961050305328,0.08683362545221164,0.08923179487868696,0.007879592429388146,0.07830413191716719,0.02373527526457704,0.06867488686760251,0.14363161867976654,0.13881206283784617,0.08423134778088517,0.10364758992577795,0.0673881882955518,0.10094349501334136,0.14629559016973573,0.05065368621957707,0.06235985080923558,0.11334742249517835,0.09830829850031547,0.08588478511334853,0.030937703605731164,0.052847465822243735,0.11296479231286294,0.026766684094635628,0.06760658323509613,0.05350091318737665,0.02316658422769746,-0.012774247031767367,0.05049270145267369,0.0705474221564734,0.15274402020305927,0.05564970660188633,0.08923882457235936,0.07316400041935851,0.07811509692496293,0.1027922000699887,0.08572638618544669,0.12166727648132951,0.08327835937817818,-0.01157062964701833,0.05855690469892579,0.057525892506780564,0.053961609952761586,0.054502411089388185,0.07194167679997407,0.058379648960661036,0.032115016423371265,0.02505369606051002,0.0970085133711324,0.034517324170907526
NTB,0.03989810231092385,0.03911876771050575,0.04194605895346386,0.03419313491162036,0.03999492278880894,0.08463891166580836,0.028873841700736952,0.04578749206125618,0.045142580387781156,0.038736743417327,0.030819368661669,0.03340375811169151,0.043284883130225826,0.049427187663614085,0.03880328811011543,0.03761951761440102,0.033950978576277394,-0.0017725356558043203,0.006538887105018724,0.03010592640599706,0.026719280716165916,0.019215314967139543,0.0023238251945198432,0.03731141476913282,0.0331672053814628,0.022084917240215125,0.031899936298540134,0.031002824479588433,0.007778794002000019,0.020255356078573004,0.045887667739269736,0.025265388043835782,0.010714099753569808,0.03688489831463402,0.02330530136731559,0.026197196508575434,0.023477269994425128,0.025304230231322163,0.021430577194490007,0.03182831012438035,0.03482641327396063,0.028989830613337757,0.012359810457923389,0.023264005026794998,0.006500358687172165,0.010877691151579926,0.015790949995078775,0.002940046596099795,0.022300959385733704,0.027370621206793545,0.004879614557366273,0.014171259250017311,0.015183759074836146,0.012291951053050934,0.03189113999750973,0.03322732554607529,0.022229615623201297,0.036334960123382075,0.01621640617790293,0.02448801808521462,0.027764198703686942,0.020882580696751925,0.01787079676054183,0.03376278213126622,0.031335970561476606,0.03289737738056535,0.013909655443267551,0.024616151950573616,0.036273523217807975,0.006604476528434482,0.023130560902794584,0.022956149196007213,0.012935614945002602,0.01337987375970727,0.013207633087996409,0.0276598917982601,0.029724697534230154,0.02069909079717027,0.03089406388032615,0.02136756748088306,0.02571536123301473,0.0345692762162602,0.02576504606367945,0.02102052584044134,0.01736241354203784,0.006552724750831185,0.015376041558574267,0.015271629087505264,0.0099324601642964,0.018346116046597062,0.026164428895912518,0.02377461167130339,0.02303084597550389,0.005202076415287836,0.027725542700767443,0.015986702902355397
LFIN,0.03747659490341036,0.032581423127113714,0.038431892661954924,0.08717146027985041,0.07826274067934934,0.028873841700736952,0.1401873458449925,0.032903673088234685,0.04237574866933174,0.04226110216721464,0.05302649380086926,0.036546187596839814,0.06972384907272272,0.05759445531609834,0.12965520768028072,0.040001291096443535,0.03577402051764384,0.005542302516895971,0.010068554790805423,0.04074344656300208,0.02477317003615981,0.02614963071132658,0.002080512784728377,0.03459234313676557,0.04129849641788678,0.020132865711602152,0.04720378994213631,0.07127668864928809,0.006504633399119271,0.027186721209730733,0.10863051276900793,0.028838883826067693,0.01874970696160165,0.07161590735323753,0.03950667161790161,0.05444833440057188,0.03678834123290627,0.04275446908452793,0.02885260546754482,0.04687078987884241,0.08767228961639378,0.03253708350531936,0.017375551049814943,0.027922461420338846,0.011387478833671428,0.00567962476206503,0.020995856518711147,-0.0016708813372024313,0.04073153528947402,0.04670473775866899,0.00962199185358808,0.02789130144606362,0.01611868228388281,0.026645275216618268,0.05924523564067599,0.09549577058160204,0.032971836059679176,0.0509769711591662,0.05274853119036554,0.06104546597055481,0.055521645403168784,0.034828042766047784,0.03063311864733967,0.06517284538885727,0.058040056971156585,0.06086229082177383,0.020392911737958465,0.03627836333508513,0.044683883550303165,0.017701997269884456,0.03743072083223822,0.04351513981642662,0.014811692064079595,0.0009863055996087618,0.03096149350889668,0.03225481020876853,0.053098302976763816,0.03460850110277571,0.04395991540717176,0.04709858918301685,0.026532902101042137,0.050837535836694404,0.03422846155627135,0.04588163882238128,0.030669654140368995,0.0027085545957096033,0.025299718229789,0.02537451811571032,0.023797247568945582,0.029409356567094938,0.03869950714165623,0.02748114541326917,0.024747508331552454,0.008284774149699055,0.039177991847505304,0.026983159986067533
DFCC,0.052856523508490315,0.04539639710091711,0.055148405400922,0.04410290229018106,0.042444683080848596,0.04578749206125618,0.032903673088234685,0.11505710913713174,0.06303852527817695,0.05163012233087782,0.042182922941198096,0.03882074002563583,0.04999179352777631,0.06258694005804102,0.049948063647285275,0.04319126530129969,0.03530106567087974,-0.00020935776421189214,0.0036748729905103847,0.043429756150093146,0.03752030380882179,0.0035911167676183292,0.0019902290819238527,0.04278140642407584,0.04676687402067414,0.0254089608440127,0.0447854228659403,0.0391651236433754,0.006490918362788679,0.024101296723145857,0.055877231821754796,0.028401389767224224,0.01565024387347048,0.05023195865620737,0.029500765012219043,0.029906200441519117,0.026815032289790076,0.02903995138817903,0.03329464350755561,0.04047987309884789,0.048172653423471046,0.017983550345091512,0.014692615871448805,0.032234595861061276,0.008489108348458032,0.009422498957903303,0.018868709132956716,0.0002642852058597158,0.031528359820029925,0.03629342028268869,0.004270780182603374,0.02494567236389798,0.01803853228283747,0.017752923422812632,0.03702068098935989,0.04239332548605102,0.032492365055866994,0.03678172448360418,0.02575035191938787,0.036991458665088246,0.031620022205050134,0.02883786497256584,0.023459053013406058,0.04057263029796575,0.041112362302302106,0.03970943345562428,0.01090435919102809,0.017552083540804155,0.028547689765956435,0.007327339025187753,0.022275248446895688,0.030887850569154038,0.005784419280063758,0.002331513658769127,0.0238677122520707,0.03597809460441824,0.033691604830472115,0.025271106594924726,0.035705187658291164,0.02655088870472503,0.025213752558850354,0.032439947670176265,0.02582346660087759,0.028649490523279312,0.02250206506404712,0.003141257173315803,0.02275393369091798,0.014611954359047684,0.014001989559460958,0.029085919625453933,0.03022479351512757,0.03511564404729763,0.025104093429160663,0.013881316233195736,0.031743799358487285,0.033357563410152495
NDB,0.05505001245239441,0.053529051010219875,0.06164164995092857,0.055735970035073995,0.06009265435266925,0.045142580387781156,0.04237574866933174,0.06303852527817695,0.10846953800909635,0.06223848803434088,0.048538431873614056,0.04479803787205438,0.057525199912290874,0.07432309225177719,0.054628584156963006,0.04521580396850265,0.037027976260452775,0.0010398701910120376,0.00835038689412072,0.04600945912814006,0.04257150257760319,0.012807231910197857,0.006811233524119307,0.047321019000273606,0.04455298756942115,0.03225126647470117,0.04513445024655169,0.05048104225554491,0.008463364074096268,0.025628606302893483,0.06803738534652976,0.03075996829298488,0.022523366815271964,0.05822617508186549,0.043938824087570744,0.03789550019280786,0.026380766398152015,0.038432010219486966,0.03034171685256023,0.045977049429107644,0.06582120150260186,0.026871428376048074,0.015732561134174615,0.03553546190001324,0.006559830551462362,0.007417539227148044,0.02373359300657921,0.004056767849831189,0.03986178444609272,0.03365154519541053,0.006768891328425096,0.031075588354162374,0.02577333616190655,0.027434879051848736,0.05411707613849347,0.05734263071416143,0.036586621745722074,0.0514325224134436,0.029403362988400433,0.04303973638168243,0.047933837556341195,0.030861270416201084,0.023006182998231543,0.05361860564025608,0.04150150612354095,0.044717294017745865,0.014538731652632562,0.02612013209113572,0.03847650703286998,0.013459633730387348,0.029628789472209448,0.03087022884131978,0.011328831970371437,0.0020512702810538803,0.025101241679104536,0.045395865864704274,0.0415058206064956,0.030842468264883707,0.04266369688407912,0.03551983255339314,0.032750595155698586,0.04476116496958884,0.04521578351766017,0.03444939460401689,0.03196655089321811,0.0013952855237823957,0.021846857935054094,0.020823953451015023,0.027782432515357544,0.03334720240353102,0.028539064555754053,0.029899156066319484,0.02466326143274482,0.01009402473385344,0.03500522439893706,0.03189754604382209
SEYB,0.06267085727489753,0.06492715583071784,0.05884453573165804,0.048424040919618314,0.055803958037793595,0.038736743417327,0.04226110216721464,0.05163012233087782,0.06223848803434088,0.16286008246529612,0.039737408720856834,0.043344189347574405,0.06273565608135709,0.08087207738741653,0.04655184384275726,0.0476888913248293,0.03647090043541692,-0.0013986598485970724,-0.002336406029709531,0.056134224679567864,0.03701058116515376,0.049361814818900195,-0.0024113915954029888,0.028538580557099277,0.045174988031068904,0.026351873636098377,0.04059961479864508,0.04111576410198154,0.002415145524936129,0.016461575893232494,0.06533664032687396,0.025926180019531665,0.015464567152745204,0.05489011551434553,0.03909028165962916,0.03263276694437984,0.03015291789211321,0.060302149184430644,0.02282150500544291,0.03776588912426898,0.06639526215928156,0.03613192112463338,0.009938625099619512,0.035590907712572395,0.007390812104877423,0.0014708552287736561,0.017610127925123526,0.00027457326361360443,0.044321879774732426,0.03341719558397323,0.0024309508463974594,0.034503408238266545,0.020402376440805284,0.02734294435263486,0.06141974123249226,0.047516100292011,0.02774083413426405,0.0680375990992954,0.029324903488706786,0.04814061796868428,0.04314105339808055,0.029902492675395992,0.016944583253404834,0.05145901647595959,0.0372504753040386,0.04402821824762707,0.009563639547580719,0.02811072955667258,0.030682964177328763,0.01079503216954922,0.03181586789993604,0.05350377965605286,0.026904981559763157,0.03912363964448477,0.019978481073240923,0.044129951758257624,0.057569881790495374,0.024585711253812204,0.05066526405080669,0.034967265912230705,0.030026620405296994,0.043868532953213205,0.04091943131024968,0.04130244635944977,0.016755502922947894,0.011692415756140905,0.03082442191935346,0.024579075655056924,0.03504581763224236,0.0424556257488301,0.03039910146571519,0.035103079272591195,0.021895321698885077,0.012493563143456923,0.027534912612188336,0.03595881240981039
CFIN,0.03850398220274076,0.04022629224910934,0.042307156274772155,0.06472003869553793,0.06469741699094696,0.030819368661669,0.05302649380086926,0.042182922941198096,0.048538431873614056,0.039737408720856834,0.11683199192607774,0.038080624839332736,0.06230723213815543,0.057110153909929406,0.07276624880488201,0.03673399613609129,0.03979338204918343,0.003142707276328792,0.008769146915048228,0.04299943353138073,0.029573943799179655,0.018892830730098866,0.008457259902582817,0.05056899317540417,0.04089244961837576,0.024823221904428577,0.044485235737626756,0.05660138596425113,0.00765640040054389,0.028636414490337988,0.07442339404754081,0.02711036674492994,0.023753202076044085,0.06270081513473527,0.03706661852810948,0.048616189323482835,0.0292253430639474,0.03792124102055906,0.029091021603583705,0.05029411383432412,0.06871910843086852,0.03443794944082993,0.01583848604204433,0.03376503105980838,0.00731132122487721,0.009006772635573777,0.02402184768747142,0.0006325162645283691,0.04083413049762563,0.0392791339220135,0.004491739162693466,0.033073753605810385,0.01684849201725564,0.024440050950070867,0.053717700840487895,0.062006112697340465,0.03453855887155388,0.04859374135867069,0.031006227227629822,0.051818030146556913,0.051571650519358726,0.028209377976632987,0.030135400163336247,0.048256638563658145,0.04327070777673446,0.05194725768270481,0.018992684809476343,0.027994681836157772,0.050521541684233076,0.014484744307531319,0.027546616658858616,0.023453744787226453,0.012096998707113168,0.005286905087818187,0.03162289662894684,0.035865856246890065,0.05911618686563373,0.0352150013505823,0.03923539533790659,0.031879016383948654,0.02971931234213198,0.04615706631307362,0.03517874721133962,0.037427546959976986,0.02966546297149873,-0.0012276064631127116,0.028370564366699654,0.02349493108753972,0.0316420998693706,0.036948786047642665,0.02004134535397859,0.029340829467883255,0.0276841687370206,0.014202452868276639,0.03727209719998954,0.024776383348589382
PLC,0.03619445502667539,0.03532524371660196,0.04104238141317502,0.04521324321891722,0.057525332508481186,0.03340375811169151,0.036546187596839814,0.03882074002563583,0.04479803787205438,0.043344189347574405,0.038080624839332736,0.10104395699004849,0.05831248566403094,0.05449659550336927,0.05148676207081508,0.03705626683308759,0.04072883120360111,-0.00045035248537856926,0.011378666268760437,0.04207124473046302,0.03672033717562623,0.011069505401886667,0.009764910803842433,0.04444910365551266,0.03920226465351862,0.01902300612037289,0.037630105308412695,0.041068459892062426,0.010506726055082682,0.018816572814978654,0.05677466228687137,0.021144355034876137,0.016515295179557344,0.05200005697783306,0.03828225560576426,0.03504735802637423,0.022621649948193257,0.028327502812290052,0.02192261674721972,0.04188996052803014,0.05531985254902093,0.020823255106799422,0.012645453694569691,0.028538603345275155,0.01124129323783472,0.00656649055954254,0.016097753649456526,0.006551404951540209,0.03225840940174021,0.03001293524972947,0.006572906627685146,0.03024501107153971,0.018986364424194664,0.019752642472985096,0.050008223077656545,0.04900812651962322,0.033104429940367414,0.043462689672768326,0.027680243089280843,0.039535142402428204,0.04130484290278494,0.025187778276554072,0.020549745642395003,0.044996405328425186,0.04110001927641155,0.03841866179151695,0.01878980013801851,0.02770387040428641,0.03629068173676579,0.013670357685262901,0.027712508030066408,0.030676532680724594,0.015922584759596414,0.0008679112829734086,0.022741947135538117,0.03539090707677583,0.051583395100836864,0.029942882941435826,0.035468608875266386,0.02852742271400006,0.02907726602067195,0.04227587506414736,0.03644496494962708,0.0359092035779301,0.02409971992496871,0.004819187008210913,0.02660890670454874,0.018971559847042494,0.022496646960261456,0.03422970309545657,0.032344572289428136,0.03009743907997656,0.02006415529082469,0.0030239884299624745,0.02829358955813669,0.022107363553435004
COCR,0.04931761594537183,0.04578252696499051,0.055083666590299375,0.09461916186986236,0.0959589841401791,0.043284883130225826,0.06972384907272272,0.04999179352777631,0.057525199912290874,0.06273565608135709,0.06230723213815543,0.05831248566403094,0.2943865228869161,0.08095204850194695,0.10313925080078806,0.05754529139956995,0.05989810739484291,-0.002726304531135881,0.011004003719702034,0.059012255037638274,0.042371060801817975,0.02239540278759913,0.0004173490138448055,0.055563657953513805,0.06475192002046835,0.02828177169305048,0.06658729091412041,0.08151117276536554,0.011598849630278001,0.04243410450219804,0.10958009131204786,0.038082021313535275,0.02998273930137514,0.09367437915283164,0.05535591434224547,0.05952499385204966,0.04888270354727939,0.041366948382255166,0.040843179348770874,0.0624115314837978,0.08933559480604585,0.04029644674952875,0.021689257746592736,0.034172285713878356,0.008135406910507716,0.008313670069063781,0.030563441597446384,0.004066320431505447,0.05026281033500862,0.057856262912985165,0.008112568520926703,0.04021675043338453,0.026885785526208066,0.044062770975241465,0.0845821413901516,0.09125040558539145,0.06211560403670769,0.06919057055767394,0.043999736384731813,0.06758333168637343,0.06825125376851436,0.04826093660854623,0.044116981735151405,0.0968025096008069,0.07600028661768174,0.06328392187813202,0.027946987858128325,0.04425051456390955,0.061579911493278766,0.01807046506557118,0.052008151588815055,0.052128458617392626,0.04042232274189088,0.01184286455218293,0.0440805057468024,0.06009977553016622,0.09329519806667987,0.03935848145658077,0.06510145960928501,0.06702308574787894,0.0516498760918887,0.08193831285956171,0.07255415833220455,0.05667336815450392,0.05452146488106767,0.017306611456829463,0.0391013549488524,0.033041989880726395,0.03734660102337292,0.05501003539681296,0.04435075905528215,0.050893249729583756,0.043494079372369904,0.05099397616604797,0.05400854858499197,0.03974016464110347
PABC,0.06261633607203225,0.06189239139560697,0.07920739472266987,0.06714489185211463,0.08502611912500717,0.049427187663614085,0.05759445531609834,0.06258694005804102,0.07432309225177719,0.08087207738741653,0.057110153909929406,0.05449659550336927,0.08095204850194695,0.1938270007619613,0.08691499772245524,0.07096736140808589,0.05020638286399875,0.002247541198189215,0.02391811199880407,0.08034586538982422,0.06304664360845122,0.027833436837595264,0.003942368083307097,0.04670539832429249,0.0548498168918955,0.029854061505567086,0.05724926072189448,0.06351402600862749,0.00811903519152971,0.028055765460373874,0.09423603829874792,0.033597862911247,0.014993527524259528,0.08277752793198892,0.04180186494304371,0.0533461130749634,0.03277425400132545,0.04369210227363242,0.04362019805659542,0.059295569845833826,0.08540666571496766,0.03948090213333291,0.01283080393357774,0.04362707458305037,0.0034067692744400692,0.005176174214962959,0.02584542203508572,0.0031996320669323256,0.05578369594833467,0.04898763680970126,0.0040857142700285115,0.044805069444483835,0.024059313777909767,0.038950023334804316,0.08484538127605629,0.0729395325707394,0.04513196252307133,0.0712190247773145,0.04002379225425855,0.06020634096993165,0.06776285705749857,0.03991614592060403,0.03314190550563366,0.0653835378125692,0.054864999372525224,0.056967171002411894,0.01617140745664913,0.035064955928703616,0.03780172342510394,0.014804475102443246,0.04355719067099245,0.04228210347996265,0.017362402837872746,0.006523968235807799,0.04367187434368736,0.0522053226882719,0.07239844768170547,0.031969678699094374,0.06485548035484709,0.0491818921926567,0.0374492808712704,0.0619887971232167,0.05047615402632486,0.05978437885900861,0.026699055595159636,0.0002665324653371445,0.038352347391536395,0.03502095182486533,0.03277767265556638,0.06725705177542111,0.03879087910424766,0.040367091274580075,0.027248674038721193,0.019490023619737784,0.03929569244610234,0.04881779726427619
VFIN,0.05021803545374824,0.04860378402432119,0.052722385253019276,0.11188400788487904,0.10239825995760907,0.03880328811011543,0.12965520768028072,0.049948063647285275,0.054628584156963006,0.04655184384275726,0.07276624880488201,0.05148676207081508,0.10313925080078806,0.08691499772245524,0.2632078138303052,0.054972720727176835,0.05952179719556807,-0.0012273537263450675,0.011491262242593791,0.06124826577465565,0.035696019040123976,0.03201980241143288,0.0019412421935062463,0.04407370716120552,0.05284865949673262,0.027707959121590606,0.06736487810291092,0.09273235643047971,0.015235516918388495,0.0400558727774842,0.15632542054786075,0.03235314020319632,0.020063302184326854,0.09749171650273844,0.05798438729790415,0.073488838543522,0.04569698138536823,0.05338381696571601,0.04779695890939496,0.0589913801083708,0.11777452338848693,0.044116048460630886,0.028439665644322397,0.037265585540014544,0.008899337354036174,0.008701258436020131,0.02815860439646204,-0.012155533437297666,0.048951010485262604,0.059530524313408675,0.010147934735075456,0.03720216884796202,0.022906524188589662,0.039254634404737254,0.08741250111399923,0.13365156956639904,0.05057905767871148,0.060992458170530686,0.06653618536642339,0.07867626856899644,0.07560893878252292,0.04475587318048375,0.054503536500537894,0.0795798254335484,0.07421630579868006,0.07395726741051314,0.03074673880941491,0.0402842961492733,0.06266231487999085,0.014836167154842265,0.04813577686193412,0.06493503161325252,0.01886264105244601,-0.008944309024515023,0.04114623902736355,0.039840269700871365,0.09001217270267778,0.0491238098235911,0.05849587521567489,0.06196681353423549,0.041014576233937595,0.0741099952956618,0.04999548410958853,0.06958954516242191,0.03309827511043987,-0.0008589490585627518,0.035212977396873256,0.03442581187832741,0.025206723483935132,0.05150757485672053,0.04326796552741735,0.03664528111854343,0.029726385210607293,0.014397461576990477,0.06374412976701245,0.03913931156032955
CFVF,0.04122055382376915,0.03667412518042624,0.0483188079532126,0.05325222514250253,0.07204500748731284,0.03761951761440102,0.040001291096443535,0.04319126530129969,0.04521580396850265,0.0476888913248293,0.03673399613609129,0.03705626683308759,0.05754529139956995,0.07096736140808589,0.054972720727176835,0.22711024550719158,0.027107397169240304,-0.004275656779854396,0.009393988919713384,0.0442972382645445,0.0430746019629666,0.007690051101055018,-0.004686476674086519,0.02689629088184081,0.04168780322263067,0.016134494280178605,0.04691682785265397,0.04289040494351447,0.003878418591692651,0.030832963478586935,0.07079530075058074,0.024073611398720704,0.014987244620667764,0.06927846356385335,0.04497263286759983,0.04243511939998023,0.02847258098246227,0.04410019019982995,0.03371697084273371,0.07452870492664256,0.06934999575724866,0.033871572287240796,0.012018904312099364,0.02895082320862209,0.00847921677354125,0.00416462285313321,0.011515094848219276,-0.0013830343411086906,0.048456756513259876,0.03923906048964159,0.006973375242786948,0.042738437654676345,0.015313229572126824,0.036889129720448326,0.07391796254667578,0.054406989146139506,0.037357793733832315,0.05904784261169958,0.032928451566268814,0.056014828738129054,0.06083115886967681,0.0286375805091069,0.020996966973944278,0.05832071236894869,0.044346223613410035,0.04692335109466353,0.011705553361645185,0.024563761519960814,0.05365122652919494,0.008471663332789045,0.03885228729652363,0.03809818350640178,0.01691784782795666,0.00495443531764296,0.017033204740750083,0.06321603596320426,0.06537288310331654,0.02292857954116972,0.0481585464342587,0.030505903530081906,0.0286950644026607,0.04606901099885123,0.05309811581943281,0.043369649145754405,0.01770027402549699,0.008421377956451202,0.03593360611153035,0.024895193584949942,0.021564520734109655,0.04307405807119318,0.027184980350321224,0.03368145940801785,0.024233918119623814,0.029553735448502177,0.031174644993729107,0.043869748777311604
HNBF,0.03359967634442004,0.03633410502558858,0.040576632546670474,0.0555026785578007,0.06589111030913837,0.033950978576277394,0.03577402051764384,0.03530106567087974,0.037027976260452775,0.03647090043541692,0.03979338204918343,0.04072883120360111,0.05989810739484291,0.05020638286399875,0.05952179719556807,0.027107397169240304,0.31138801471223687,-0.0038539915819473117,0.019582461791862495,0.04033106769736569,0.042792916966494156,0.010175457901968134,0.0004330770592507252,0.03601596655936823,0.03891549472260325,0.017815915702012082,0.04381850440481587,0.05995503387525373,0.008721132080868822,0.02377537820850564,0.07221782295470991,0.02956581797491443,0.02113923790757311,0.06571231459571523,0.046968386453426395,0.04375810438238149,0.02620132852472652,0.020016018245054588,0.03105064742848707,0.04943791433197827,0.05963205850229379,0.026609353107313976,0.017481681661785067,0.021312359862487605,0.011697322667809628,0.00375750707874386,0.02028975580542529,0.009559981914873587,0.038026970510305826,0.03746728956526367,-0.005384453830192206,0.041784077598014314,0.016912556232297437,0.02342381290436592,0.058378402183177414,0.06826341317028235,0.040079874926932824,0.04263899115151507,0.024169009192381664,0.049592008914648954,0.06087101369958478,0.02274287090837427,0.029717613641419022,0.04907825871099472,0.046100609242825934,0.03963024168312862,0.026779700015096237,0.03465054202541454,0.04792968442323883,0.015536950720265029,0.03226278561716218,0.04553787558548404,0.018743752178978133,-0.0029502340177251216,0.03693159416018846,0.02968310669106549,0.060465915721075396,0.02577540093282053,0.03412901608723259,0.03378522013636542,0.03904421309640977,0.05303030223389328,0.05618908242330496,0.037465809613360136,0.03546386449909117,0.004702357922041374,0.02255086515365629,0.027471615482946063,0.020395194828719147,0.04106437908168575,0.030953655207464802,0.03090916530797514,0.02687691528653586,0.016286939180621664,0.03789236809983361,0.016944881377400193
MERC,0.0010822556561144237,0.0013421895114356906,-0.00036707838243557655,0.0002190156125454,8.199812924063707e-05,-0.0017725356558043203,0.005542302516895971,-0.00020935776421189214,0.0010398701910120376,-0.0013986598485970724,0.003142707276328792,-0.00045035248537856926,-0.002726304531135881,0.002247541198189215,-0.0012273537263450675,-0.004275656779854396,-0.0038539915819473117,0.10849242031688737,0.004885958766891426,-0.0005082504158837133,0.00018193455004870648,0.0006654514921125432,0.0072941607219181364,0.001924743266734475,0.005544802105045341,0.0021758949063130483,-0.0003634342551594321,-0.0013515377501664933,0.0012151839034904872,-0.004031899059095248,-0.000547431797219629,-0.0007361653135200401,-0.002449176595523748,0.0005616408472002904,-0.00392680299386806,-0.0005970552166861007,0.0002849588154957429,-0.00014097489355668024,0.0024094879351690478,0.003991150649427384,0.0014707119953450284,0.002322094135333862,8.985689726455338e-05,0.0025292852415691193,0.0010132590054114602,-0.004120381020429326,-5.6005356863780575e-05,-0.0012134212569456626,-0.0008237646209972265,0.0005775071238285412,0.0009812731139867757,-0.002171869785254492,0.001657766250887328,0.004974306774928779,3.744806238691194e-05,-0.001102744315405254,-0.0021305864399696547,-0.002290245082239117,-0.0006819576911035911,0.00024901871534036034,-0.0009969924078186297,-0.001715050750028945,0.001577802278080575,0.0021460177896291065,5.6509127651232104e-05,0.007293383469793859,0.002951700623868774,-0.0025293501402085666,-0.0006883242293116806,0.020712525929099546,0.00038760419331353743,0.0021751552940550284,0.006322376727687402,0.0015168663777514863,0.000978874431467338,0.001707400621889437,-9.225682255479838e-05,0.00041708698453483695,-0.0011278429775186997,0.0004103416069569571,0.0021600573105022072,-0.0022771267198888378,-0.003529701896870854,-0.0015855613042688303,-0.0024409527894516995,-0.006956751385597183,-0.00012399074019599666,-0.00436341909796442,0.002424178417121659,-0.0016834217157214158,-0.0010386513595281228,-0.0011307202368051935,-2.666347026534126e-05,0.003943390006716171,-0.001210664892932205,-0.008295198000425509
CALF,0.0042794941451518576,0.0017891817934848069,0.0014080056976584505,0.00619996352263424,0.0034068882351640647,0.006538887105018724,0.010068554790805423,0.0036748729905103847,0.00835038689412072,-0.002336406029709531,0.008769146915048228,0.011378666268760437,0.011004003719702034,0.02391811199880407,0.011491262242593791,0.009393988919713384,0.019582461791862495,0.004885958766891426,0.37299798098113274,0.015352127737055264,0.008077663851901591,-0.002361389439975926,0.01673178927591595,0.013390628501386252,0.01660802884348275,0.005426579594719184,0.010000888070735408,0.0011887762970723302,0.000642048737476671,0.007792594115341984,0.006926183528076756,0.0037507946700773456,0.0019213660958607548,0.010167556196478897,0.0027390043406508536,-0.006531933636519793,0.014801843167386124,0.014906472646431482,0.0047071204491464964,0.018604394374854,0.002088734439248482,0.001414250782481005,-0.0011967036118154476,0.003907623414647337,0.00045075328529522475,0.004028357931885112,0.001915029207000078,0.0025667827988741848,0.0006544573775745543,0.004984917119579477,-0.002513151758063321,0.006112362006803343,-0.00048805182798939545,0.010604542124648663,0.013957412066491379,0.00588623819161053,0.006584080992522638,0.006232474897463651,-0.001390955018734691,0.0006672862266957883,0.012996586092132592,0.009440774429063542,0.010484963749826525,0.008563477204071732,0.00694683978051467,0.004695823791749623,0.031288065773913507,0.021538457168639058,0.015318440255063077,0.002973688537529049,0.00961072821544433,0.013369398994889509,0.006384306432563443,-0.0012372061088732848,0.011491254897143125,0.006162133812882485,-0.0034856653232422,0.011485844978369448,0.013281327482176825,0.006782964573640503,0.00035232994712740116,0.01914333688263719,0.008317018699787803,0.009486476354878193,0.0026349518750509175,0.005604865293928676,0.0006599387478073544,0.013773996167678411,0.009827473456744592,0.0151803690482991,0.006247395251972603,0.025066458341470768,0.008609674264306762,-0.006277547910594385,0.014159195904659224,0.01566865738400552
UBC,0.04051723339264521,0.04073662290940671,0.05225066879050746,0.060692856644677995,0.07393975842839233,0.03010592640599706,0.04074344656300208,0.043429756150093146,0.04600945912814006,0.056134224679567864,0.04299943353138073,0.04207124473046302,0.059012255037638274,0.08034586538982422,0.06124826577465565,0.0442972382645445,0.04033106769736569,-0.0005082504158837133,0.015352127737055264,0.16472372131168242,0.03760801899247015,0.014667950883949213,0.0026069212092314138,0.04032823179938621,0.03511627129116393,0.02155121870743387,0.051269456120800715,0.05559531540009423,0.003123476446210085,0.01696453851063911,0.07389153908466929,0.02778529649416153,0.018293414280302903,0.07880281266470193,0.03475476681195229,0.046841207872431345,0.03028622163924842,0.03813308876316229,0.04168040778831549,0.06043388347454548,0.07331140338637261,0.023143901546497106,0.017893455991557,0.03564451476887509,0.015042945551596078,0.007141688219139431,0.017870893737147505,0.002663314400082634,0.04028819088279691,0.04718297441406262,0.0029929935746903433,0.03393331604981641,0.020846423215393366,0.029575485462459517,0.06579947641177859,0.06376409710161039,0.04039873464056962,0.05684147300238271,0.03470224698958615,0.046283931037888866,0.06086279229904284,0.0339877528825999,0.032019367690747515,0.06765840319733948,0.05735045299297377,0.0518881709874317,0.013980825102907482,0.03345147013313888,0.04303601469130447,0.017680094448004925,0.042085873474723944,0.03685184203949608,0.013856220788579579,0.002200870316989526,0.04595447827414694,0.042531494590157724,0.06647110207355451,0.03812181496315967,0.048337822376665326,0.04295593267134553,0.035248092529417845,0.04906245974514734,0.05172555019991676,0.05945588690608287,0.038753545343109666,0.0015357346381084348,0.03502984645560364,0.024674519661496714,0.03336175614586123,0.0462062286311833,0.030416588263311256,0.04126183015797487,0.02230112539859903,0.019608604340031144,0.04042149620160646,0.03955575833465211
